x0 = 0.05;
R = 0.3;
L = 1e-3;
K = 0.02;
i = 113.1167;
d_rot = 0.1;

K_P = 10000;
K_I = 1000;